0.000000,0.022727,0.088430,0.055429,0.032018,0.062665,0.084022,0.029782,0.046419,0.065286,0.055096,0.038793,0.025182,0.053885,0.084592,0.055003,0.042663,0.054502,0.044399,0.024410,0.030020,0.079609,0.054720,0.040204,0.066166,0.049860,0.052551,0.139355,0.094414,0.054318,0.026993,0.050220,0.051688,0.041876,0.028805,0.067645,0.051546,0.048055,0.078527,0.046366,0.030829,0.039307,0.059639,0.045694,0.038217,0.043420,0.032775,0.040988,0.093915,0.031957,0.045838,0.053835,0.050268,0.054870,0.029917,0.052515,0.033682,0.043351,0.035582,0.036446,0.037673,0.081274,0.089631,0.052662,0.036565,0.036725,0.039925,0.054720,0.087683,0.034749,0.070020,0.029781,0.033457,0.031142,0.078751,0.074055,0.032832,0.031142,0.025685,0.111811,0.070289,0.022590,0.023172,0.018941,0.024168,0.064871,0.041973,0.043510,0.038133,0.044546,0.063253,0.057311,0.044261,0.032775,0.036563,0.024725,0.018719,0.085003,0.069069,0.066261,0.031341,0.031273,0.028420
0.022727,0.000000,0.169336,0.075567,0.146572,0.043922,0.046992,0.084602,0.105442,0.145617,0.101504,0.051136,0.028835,0.051008,0.092517,0.069610,0.188198,0.052023,0.055147,0.300971,0.060449,0.169922,0.079336,0.089645,0.161172,0.100578,0.104326,0.150794,0.075249,0.062975,0.026746,0.052006,0.129944,0.051665,0.068788,0.060278,0.047215,0.071256,0.165703,0.270710,0.045848,0.082616,0.040541,0.055909,0.090458,0.039641,0.139073,0.030519,0.050676,0.084192,0.054192,0.080275,0.094406,0.102230,0.072316,0.070866,0.068579,0.026478,0.088578,0.125945,0.033898,0.069579,0.054638,0.069708,0.191406,0.129199,0.137628,0.079336,0.067698,0.080000,0.079855,0.154494,0.058824,0.083810,0.039172,0.029674,0.090406,0.104762,0.036058,0.202857,0.058215,0.055970,0.029354,0.013667,0.072187,0.042017,0.053753,0.135321,0.096506,0.096270,0.064865,0.136054,0.157385,0.139073,0.063091,0.066667,0.064016,0.143054,0.169903,0.053667,0.066372,0.065934,0.064081
0.088430,0.169336,0.000000,6.815668,0.065217,0.029528,0.061511,0.047771,0.048000,0.139437,0.052724,0.071525,0.033186,0.034091,0.084197,0.068690,0.117470,0.135770,0.110155,0.086705,0.048701,0.054645,0.174439,0.108187,0.099485,0.053215,0.111628,0.079460,0.065789,0.044885,0.042254,0.042254,0.052817,0.033040,0.035833,0.057018,0.106605,0.052023,0.077338,0.088359,0.109807,0.087379,0.055341,0.094660,0.086493,0.032751,0.091837,0.086275,0.047695,0.048465,0.047291,0.052854,0.062397,0.052174,0.079176,0.117711,0.046484,0.041026,0.156652,0.057604,0.057484,0.045802,0.052184,0.082324,0.102389,0.103774,0.059722,0.174439,0.054152,0.084951,0.105442,0.089059,0.075758,0.094306,0.129496,0.042939,0.051813,0.053381,0.044879,0.098191,0.071605,0.043282,0.035883,0.020161,0.039837,0.182423,0.046921,0.116279,0.047022,0.034562,0.083655,0.125523,0.066667,0.091837,0.041379,0.040555,0.051282,0.085079,0.151448,0.125839,0.171779,0.050813,0.047619
0.055429,0.075567,6.815668,0.000000,0.104762,0.044057,0.083176,0.102041,0.193162,0.116418,0.083176,0.061341,0.067130,0.035714,0.061475,0.051195,0.086538,0.434402,0.097967,0.127451,0.111111,0.049116,0.055659,0.100932,0.069982,0.052204,0.089744,0.125997,0.090909,0.052288,0.089552,0.089552,0.056818,0.057604,0.038793,0.074534,0.113001,0.071515,0.174419,0.093611,0.046834,0.134948,0.061058,0.038265,0.037313,0.092954,0.086667,0.048980,0.098472,0.043178,0.038974,0.069284,0.105448,0.071028,0.068027,0.065463,0.037547,0.051327,0.117371,0.152284,0.071429,0.086179,0.038265,0.062341,0.071146,0.091146,0.077941,0.055659,0.132296,0.220430,0.098540,0.084986,0.104265,0.239464,0.046667,0.052579,0.046382,0.057471,0.088058,0.051873,0.038961,0.101029,0.105986,0.031478,0.031949,0.144866,0.043744,0.224018,0.197324,0.036232,0.088195,0.123288,0.141463,0.086667,0.051383,0.120401,0.058069,0.062155,0.073350,0.111511,0.100223,0.119469,0.101695
0.032018,0.146572,0.065217,0.104762,0.000000,0.044910,0.054054,0.135179,0.168576,0.064655,0.070270,0.052270,0.105618,0.049654,0.069921,0.073529,0.100000,0.119241,0.061728,0.159639,0.166113,0.140187,0.093805,0.162687,0.077329,0.059685,0.156250,0.065850,0.051510,0.082627,0.054598,0.083333,0.189531,0.048098,0.080101,0.080597,0.035336,0.056404,0.090406,0.042918,0.038168,0.086093,0.091743,0.170370,0.051807,0.041912,0.063025,0.052684,0.048780,0.049587,0.037962,0.098039,0.050420,0.192513,0.077093,0.032895,0.183030,0.025952,0.119469,0.114286,0.049559,0.081123,0.071605,0.083744,0.107527,0.129268,0.182720,0.093805,0.137037,0.075377,0.149826,0.166227,0.151786,0.125912,0.154070,0.046422,0.053097,0.124088,0.126316,0.067024,0.056533,0.027397,0.036364,0.080252,0.086010,0.059701,0.063429,0.204793,0.060897,0.070258,0.039318,0.064655,0.227064,0.063025,0.052672,0.032503,0.046450,0.101333,0.149425,0.092784,0.111579,0.110879,0.113636
0.062665,0.043922,0.029528,0.044057,0.044910,0.000000,0.109811,0.045299,0.055698,0.050319,0.040504,0.077163,0.089212,0.042194,0.063927,0.047089,0.082090,0.032432,0.039181,0.065315,0.101900,0.066911,0.110616,0.039152,0.056000,0.051247,0.046296,0.086849,0.105232,0.078000,0.053514,0.106230,0.120721,0.043448,0.083238,0.267537,0.053381,0.067520,0.073770,0.156175,0.031124,0.041379,0.081122,0.095168,0.027417,0.192589,0.162791,0.121639,0.040991,0.080103,0.028902,0.066995,0.047785,0.144136,0.049863,0.087875,0.049964,0.043224,0.122024,0.110656,0.043033,0.050125,0.043192,0.159357,0.029940,0.046584,0.034073,0.110616,0.054745,0.066038,0.066372,0.074866,0.093625,0.086051,0.050725,0.045283,0.100803,0.076993,0.077959,0.051668,0.062870,0.087826,0.042473,0.058399,0.031558,0.034803,0.044089,0.206897,0.176271,0.101418,0.066717,0.044118,0.060484,0.162791,0.034109,0.045977,0.062046,0.064319,0.054490,0.061511,0.051406,0.058027,0.038396
0.084022,0.046992,0.061511,0.083176,0.054054,0.109811,0.000000,0.053942,0.080556,0.037267,0.064759,0.035885,0.030030,0.054359,0.107266,0.066574,0.148880,0.092050,0.044379,0.068027,0.075949,0.046584,0.056380,0.038511,0.070796,0.043129,0.131429,0.086614,0.034818,0.064577,0.037267,0.037267,0.102564,0.047856,0.034749,0.070603,0.068894,0.109375,0.127496,0.053218,0.060559,0.074334,0.094037,0.032644,0.067093,0.046290,0.256410,0.043946,0.074586,0.067227,0.048649,0.052817,0.063920,0.082090,0.058997,0.038198,0.032120,0.086957,0.053476,0.056711,0.052114,0.040000,0.101197,0.062975,0.046392,0.057803,0.100613,0.056380,0.046225,0.059172,0.077599,0.061475,0.070018,0.045662,0.039057,0.041995,0.065282,0.045662,0.044606,0.062241,0.033149,0.090532,0.110919,0.031801,0.083799,0.112293,0.122540,0.119718,0.085948,0.044652,0.066514,0.109948,0.055046,0.256410,0.048571,0.041667,0.064975,0.108265,0.069853,0.078148,0.075342,0.074957,0.041379
0.029782,0.084602,0.047771,0.102041,0.135179,0.045299,0.053942,0.000000,2.270860,0.121528,0.114799,0.081564,0.070888,0.051257,0.068035,0.100000,0.064792,0.121043,0.061224,0.060000,0.115584,0.042674,0.072306,0.125298,0.099050,0.069129,0.073630,0.084044,0.106646,0.096223,0.085648,0.121528,0.052632,0.040490,0.092319,0.051313,0.057030,0.106968,0.104225,0.069204,0.028211,0.062176,0.056928,0.043967,0.071142,0.058901,0.082298,0.054514,0.038314,0.038810,0.042772,0.047847,0.039318,0.153635,0.041822,0.049074,0.039275,0.048338,0.087097,0.227891,0.049257,0.053152,0.055215,0.069388,0.087248,0.065744,0.034325,0.090041,0.146893,0.053004,0.156334,0.115174,0.107143,0.103352,0.044689,0.056572,0.040928,0.090782,0.037146,0.046211,0.152490,0.068092,0.024732,0.018860,0.055605,0.057459,0.097706,0.127592,0.056818,0.058708,0.080559,0.300633,0.079470,0.082298,0.050720,0.078827,0.042985,0.068627,0.099502,0.193333,0.066874,0.173375,0.038265
0.046419,0.105442,0.048000,0.193162,0.168576,0.055698,0.080556,2.270860,0.000000,0.089431,0.066667,0.080717,0.036019,0.041707,0.068256,0.090090,0.058896,0.089888,0.080601,0.144869,0.076923,0.061429,0.058904,0.093413,0.079019,0.055081,0.203098,0.052567,0.044926,0.084761,0.044135,0.084785,0.066759,0.100094,0.062916,0.144910,0.068047,0.037402,0.104668,0.049769,0.040179,0.172952,0.040948,0.122051,0.076382,0.103607,0.046802,0.053800,0.055128,0.084416,0.068611,0.141026,0.090789,0.117080,0.027959,0.063138,0.080808,0.068130,0.136143,0.051282,0.041938,0.054591,0.085128,0.039918,0.119369,0.128696,0.034443,0.058904,0.063830,0.085258,0.086604,0.099265,0.137031,0.103787,0.073329,0.037531,0.041096,0.165498,0.044118,0.120818,0.046826,0.035714,0.024793,0.018884,0.042478,0.073171,0.070698,0.134615,0.048162,0.121688,0.106681,0.047695,0.049917,0.046802,0.074863,0.168199,0.026914,0.063388,0.173333,0.070950,0.046875,0.069984,0.074264
0.065286,0.145617,0.139437,0.116418,0.064655,0.050319,0.037267,0.121528,0.089431,0.000000,0.037267,0.101331,0.152632,0.119176,0.163690,0.052204,0.053333,0.150242,0.144431,0.108247,0.205399,0.183439,0.284663,0.103261,0.076923,0.042179,0.094595,0.097453,0.062500,0.120603,0.084567,0.084567,0.073383,0.039336,0.082173,0.190217,0.040946,0.099909,0.094697,0.047418,0.073478,0.035129,0.399803,0.186792,0.041667,0.096273,0.185950,0.050159,0.115607,0.116959,0.047962,0.042313,0.050888,0.109741,0.089810,0.116179,0.067907,0.037696,0.143875,0.155224,0.050950,0.033670,0.132075,0.054614,0.177694,0.090909,0.071130,0.204908,0.106329,0.174383,0.065534,0.163752,0.148997,0.137845,0.039975,0.042056,0.122699,0.075188,0.062443,0.070626,0.152008,0.043123,0.061776,0.032415,0.037037,0.120567,0.042891,0.090268,0.426773,0.172101,0.209279,0.214286,0.078717,0.185950,0.074627,0.144075,0.071144,0.159000,0.100730,0.158654,0.126897,0.079670,0.088915
0.055096,0.101504,0.052724,0.083176,0.070270,0.040504,0.064759,0.114799,0.066667,0.037267,0.000000,0.051435,0.045045,0.049231,0.085352,0.091540,0.081686,0.037657,0.071006,0.056689,0.604782,0.097826,0.066766,0.068036,0.072271,0.053159,0.102857,0.154856,0.030769,0.059829,0.047205,0.047205,0.111614,0.067797,0.023166,0.055199,0.088727,0.076042,0.059908,0.047030,0.033385,0.042076,0.081422,0.032644,0.040469,0.073519,0.073504,0.046637,0.331492,0.340336,0.043243,0.123239,0.160511,0.071642,0.066863,0.047013,0.100642,0.037945,0.080214,0.085066,0.073746,0.109333,0.032644,0.068404,0.046392,0.057803,0.180368,0.066766,0.143297,0.124260,0.049780,0.469262,0.414722,0.045662,0.032323,0.063867,0.360534,0.057839,0.066390,0.091286,0.108287,0.028239,0.041594,0.068328,0.040037,0.069740,0.061717,0.066901,0.040928,0.096573,0.081422,0.092496,0.078899,0.073504,0.045000,0.077519,0.048886,0.086147,0.101103,0.054993,0.051370,0.051107,0.089655
0.038793,0.051136,0.071525,0.061341,0.052270,0.077163,0.035885,0.081564,0.080717,0.101331,0.051435,0.000000,0.040991,0.041848,0.055823,0.061590,0.102041,0.089231,0.045991,0.055465,0.071348,0.055147,0.100473,0.050473,0.035294,0.102652,0.076040,0.032120,0.089552,0.051429,0.123849,0.115660,0.116168,0.083404,0.032720,0.125131,0.088496,0.033569,0.076549,0.461224,0.054795,0.065537,0.043103,0.041247,0.070207,0.045094,0.077939,0.087801,0.042411,0.042889,0.088924,0.189189,0.034247,0.100950,0.031960,0.067058,0.056962,0.043841,0.092769,0.064194,0.040370,0.067245,0.057745,0.049405,0.101786,0.054993,0.091185,0.100473,0.131547,0.044183,0.073684,0.246970,0.041152,0.036188,0.079059,0.045627,0.044917,0.079614,0.116197,0.105505,0.069638,0.032703,0.087481,0.039616,0.034510,0.053045,0.093798,0.060811,0.075138,0.055507,0.051724,0.071141,0.087866,0.077939,0.036896,0.037375,0.041387,0.046557,0.125698,0.107764,0.091270,0.090909,0.070234
0.025182,0.028835,0.033186,0.067130,0.105618,0.089212,0.030030,0.070888,0.036019,0.152632,0.045045,0.040991,0.000000,0.335878,45.247088,0.042614,0.034735,0.095941,0.047478,0.057990,1.679732,0.071502,0.224975,0.444345,0.076999,0.077327,0.034884,0.077484,0.056051,0.260807,0.159649,0.159649,0.080160,0.033632,0.052147,0.043088,0.034803,0.047876,0.053753,0.047244,2.010474,0.046756,0.031483,0.129187,0.038462,0.121951,0.497826,0.037241,0.065156,0.051478,0.076817,0.033223,0.028874,0.057711,0.043639,0.241888,18.892041,0.046250,0.078125,0.196759,0.137574,0.035023,0.200957,0.158439,0.053942,0.085480,0.173043,0.224975,0.045732,1.363420,0.121807,0.364520,0.181614,0.103831,0.062637,0.042625,0.053518,0.045363,0.053118,0.047736,0.042742,0.027940,0.042310,0.026296,0.052520,0.076207,0.033035,0.066445,0.028090,0.023112,0.077879,0.077093,0.075000,0.497826,0.050720,0.031456,0.058432,36.980737,0.128555,0.061404,0.048966,0.048807,0.249057
0.053885,0.051008,0.034091,0.035714,0.049654,0.042194,0.054359,0.051257,0.041707,0.119176,0.049231,0.041848,0.335878,0.000000,0.223260,0.071705,0.064486,0.063371,0.038501,0.077128,0.189824,0.045026,0.136041,0.054128,0.038423,0.078746,0.088517,0.085741,0.094437,0.069648,0.078853,0.061828,0.069815,0.028919,0.113325,0.066972,0.035461,0.033832,0.049896,0.047364,0.228893,0.051758,0.025359,0.030894,0.054400,0.105056,0.400670,0.041374,0.036715,0.037073,0.041520,0.034130,0.029557,0.043833,0.039910,144.990991,0.384739,0.068528,0.043578,0.177381,60.526355,0.042413,0.101626,0.060065,0.051502,0.074699,0.055950,0.136041,0.055208,0.444988,0.063380,0.256571,0.104839,0.098140,0.057350,0.030949,0.038579,0.044421,0.035294,0.047919,0.037007,0.029703,0.030717,0.034117,0.056318,0.089023,0.047586,0.034130,0.133142,0.037677,0.048183,0.073529,0.056075,0.400670,0.064290,0.033507,0.089777,0.224786,0.077193,0.084830,0.033520,0.081292,0.028958
0.084592,0.092517,0.084197,0.061475,0.069921,0.063927,0.107266,0.068035,0.068256,0.163690,0.085352,0.055823,45.247088,0.223260,0.000000,0.047619,0.039501,0.044053,0.038680,0.152174,2.361050,0.053129,0.315849,0.251527,0.048808,0.069167,0.041209,0.093264,0.059110,0.241242,0.047619,0.047619,0.078522,0.031509,0.050067,0.070265,0.091301,0.042132,0.070258,0.059347,0.752515,0.032751,0.044651,0.038324,0.046410,0.224282,0.328680,0.029590,0.112190,0.267176,0.068545,0.038911,0.047409,0.177549,0.052459,0.252451,48.095866,0.049728,0.071990,0.184426,0.158197,0.086044,0.136364,0.102313,0.030457,0.041551,0.076621,0.315849,0.140845,1.253521,0.124153,0.778582,0.175000,0.125581,0.034953,0.022288,0.279361,0.080233,0.049700,0.091971,0.048736,0.038380,0.047900,0.051383,0.023493,0.084843,0.086298,0.160830,0.120726,0.036878,0.044651,0.055412,0.090909,0.328680,0.048659,0.052632,0.062672,352.080038,0.040161,0.033557,0.057179,0.056962,0.134698
0.055003,0.069610,0.068690,0.051195,0.073529,0.047089,0.066574,0.100000,0.090090,0.052204,0.091540,0.061590,0.042614,0.071705,0.047619,0.000000,0.036765,0.110280,0.040928,0.096386,0.057292,0.061341,0.114911,0.046651,0.097959,0.045541,0.051546,0.106227,0.051084,0.027027,0.034803,0.110209,0.054167,0.035849,0.061391,0.099282,0.042365,0.029499,0.120056,0.049711,0.043866,0.088312,0.207750,0.068648,0.043173,0.062254,0.269470,0.069966,0.032010,0.058366,0.243359,0.084800,0.039422,0.079780,0.100559,0.041744,0.030272,0.049924,0.121359,0.102389,0.158287,0.059480,0.049180,0.049080,0.143820,0.085069,0.149083,0.114911,0.075071,0.115248,0.040541,0.078899,0.342020,0.042017,0.073281,0.090833,0.061560,0.081232,0.093046,0.178108,0.044699,0.038065,0.064410,0.083054,0.095491,0.115172,0.038298,0.048000,0.056962,0.099020,0.079656,0.047619,0.063123,0.269470,0.032944,0.027548,0.026898,0.042576,0.088186,0.040107,0.046802,0.038820,0.180307
0.042663,0.188198,0.117470,0.086538,0.100000,0.082090,0.148880,0.064792,0.058896,0.053333,0.081686,0.102041,0.034735,0.064486,0.039501,0.036765,0.000000,0.052356,0.038911,0.055970,0.096774,0.100135,0.039012,0.049199,0.062096,0.048535,0.069355,0.057176,0.028571,0.026132,0.047778,0.047778,0.050132,0.048270,0.053957,0.083524,0.040836,0.052133,0.151475,0.066445,0.031092,0.092822,0.039297,0.029586,0.057060,0.024297,0.044118,0.073554,0.036630,0.037083,0.074689,0.079940,0.037547,0.088889,0.048561,0.061828,0.097182,0.033088,0.045732,0.125000,0.062050,0.075740,0.059172,0.052165,0.062112,0.192182,0.038462,0.039012,0.084677,0.049834,0.088689,0.051458,0.065951,0.170213,0.028481,0.064620,0.039012,0.070479,0.050992,0.083189,0.030000,0.073133,0.034428,0.048720,0.079555,0.031881,0.043693,0.079940,0.064010,0.035917,0.049638,0.056886,0.137500,0.044118,0.038796,0.084295,0.030976,0.039832,0.075117,0.038168,0.114875,0.095308,0.113415
0.054502,0.052023,0.135770,0.434402,0.119241,0.032432,0.092050,0.121043,0.089888,0.150242,0.037657,0.089231,0.095941,0.063371,0.044053,0.110280,0.052356,0.000000,0.214286,0.117647,0.057143,0.229258,0.129098,0.072513,0.172764,0.086313,0.088496,0.093750,0.042898,0.074971,0.056543,0.056543,0.102725,0.036720,0.070334,0.089376,0.045337,0.038760,0.113978,0.048232,0.059891,0.047438,0.103499,0.065484,0.070385,0.124708,0.250627,0.074273,0.055762,0.056818,0.062771,0.494764,0.057915,0.146694,0.054152,0.035928,0.040107,0.044486,0.093333,0.102041,0.140794,0.115248,0.095498,0.095238,0.193069,0.054054,0.076312,0.129098,0.136069,0.077882,0.076459,0.241722,0.142857,0.063694,0.033102,0.060606,0.061475,0.087049,0.070694,0.060811,0.101530,0.061886,0.065083,0.034096,0.059685,0.118182,0.055794,0.078534,0.054845,0.074646,0.043732,0.077519,0.097493,0.250627,0.053542,0.074468,0.072028,0.104012,0.167598,0.087129,0.075377,0.074813,0.064935
0.044399,0.055147,0.110155,0.097967,0.061728,0.039181,0.044379,0.061224,0.080601,0.144431,0.071006,0.045991,0.047478,0.038501,0.038680,0.040928,0.038911,0.214286,0.000000,0.121413,0.071923,0.073171,0.153061,0.037927,0.156522,0.091179,0.083799,0.129199,0.058540,0.059155,0.046512,0.046512,0.063704,0.042365,0.029839,0.074589,0.039175,0.053498,0.079940,0.052439,0.036923,0.073103,0.033937,0.083781,0.097792,0.049966,0.080402,0.073647,0.123641,0.073003,0.073975,0.051724,0.047486,0.077713,0.062196,0.083253,0.031712,0.053250,0.092496,0.055453,0.029155,0.148294,0.063373,0.040729,0.132500,0.073446,0.042322,0.062682,0.065053,0.082852,0.097842,0.106000,0.093146,0.067265,0.028724,0.158442,0.077259,0.044843,0.038934,0.068826,0.046892,0.037007,0.132075,0.024797,0.058011,0.074592,0.038053,0.134483,0.060403,0.038974,0.124434,0.167521,0.044883,0.080402,0.044618,0.147510,0.055283,0.039036,0.080935,0.210526,0.092282,0.105175,0.058345
0.024410,0.300971,0.086705,0.127451,0.159639,0.065315,0.068027,0.060000,0.144869,0.108247,0.056689,0.055465,0.057990,0.077128,0.152174,0.096386,0.055970,0.117647,0.121413,0.000000,0.118852,0.142518,0.066519,0.113309,0.065934,0.062016,0.082781,0.055659,0.048419,0.057831,0.073883,0.073883,0.079545,0.067949,0.036381,0.097122,0.133333,0.058345,0.070093,0.066667,0.096714,0.061224,0.066256,0.056034,0.041899,0.078652,0.082873,0.048206,0.059880,0.061100,0.084555,0.086957,0.062370,0.167785,0.037783,0.092732,0.091421,0.028791,0.174556,0.156863,0.086902,0.142315,0.061782,0.042980,0.181818,0.452703,0.050676,0.066519,0.070423,0.105634,0.186957,0.113208,0.113772,0.135945,0.059429,0.057609,0.066519,0.101382,0.067476,0.096525,0.063050,0.039755,0.032223,0.042776,0.131610,0.048154,0.103911,0.159420,0.127451,0.108108,0.058552,0.291429,0.279503,0.082873,0.038233,0.080346,0.049533,0.130503,0.121495,0.115385,0.174515,0.173077,0.109562
0.030020,0.060449,0.048701,0.111111,0.166113,0.101900,0.075949,0.115584,0.076923,0.205399,0.604782,0.071348,1.679732,0.189824,2.361050,0.057292,0.096774,0.057143,0.071923,0.118852,0.000000,0.078148,0.642164,0.282082,0.059310,0.052682,0.096154,0.105068,0.033541,0.144545,0.052817,0.062207,0.107042,0.103810,0.046945,0.096852,0.062687,0.072493,0.097421,0.091228,0.753558,0.064474,0.041349,0.098344,0.030426,0.134565,0.515823,0.054217,0.080415,0.064389,0.047537,0.048780,0.083888,0.104603,0.082707,0.176966,7.728848,0.043445,0.074013,0.274306,0.129699,0.074028,0.127329,0.070248,0.057471,0.095406,0.097448,0.642164,0.077586,3.532491,0.164384,2.373832,0.269868,0.149148,0.073760,0.025210,0.067961,0.096591,0.090999,0.056711,0.075630,0.023981,0.037469,0.032856,0.047279,0.071669,0.143348,0.112195,0.038462,0.139604,0.048966,0.085484,0.064189,0.515823,0.040774,0.035218,0.072159,3.015453,0.109983,0.040650,0.091918,0.091483,0.193005
0.079609,0.169922,0.054645,0.049116,0.140187,0.066911,0.046584,0.042674,0.061429,0.183439,0.097826,0.055147,0.071502,0.045026,0.053129,0.061341,0.100135,0.229258,0.073171,0.142518,0.078148,0.000000,0.151376,0.272727,0.103343,0.081883,0.075248,0.091644,0.064198,0.060987,0.112102,0.142675,0.099533,0.043744,0.041569,0.071146,0.079957,0.085106,0.071315,0.098985,0.035489,0.062049,0.219484,0.070078,0.057671,0.036577,0.076106,0.167123,0.088068,0.125360,0.066972,0.142336,0.096491,0.107692,0.048144,0.083916,0.103939,0.034538,0.079482,0.094303,0.135406,0.123288,0.187987,0.069922,0.048913,0.060120,0.226415,0.151376,0.108108,0.092402,0.072398,0.102564,0.184358,0.102041,0.029352,0.083704,0.133028,0.139717,0.056144,0.064935,0.152542,0.053209,0.046737,0.041179,0.069260,0.036320,0.091075,0.054745,0.053296,0.095440,0.073944,0.153707,0.057143,0.076106,0.071014,0.052372,0.065163,0.053635,0.152672,0.093890,0.053191,0.067019,0.148936
0.054720,0.079336,0.174439,0.055659,0.093805,0.110616,0.056380,0.072306,0.058904,0.284663,0.066766,0.100473,0.224975,0.136041,0.315849,0.114911,0.039012,0.129098,0.153061,0.066519,0.642164,0.151376,0.000000,0.101394,0.043605,0.071500,0.056075,0.110104,0.036145,0.285042,0.060123,0.060123,0.197623,0.065153,0.045211,0.079848,0.134298,0.030928,0.102874,0.041565,0.087827,0.047026,0.147392,0.202368,0.095890,0.116971,0.339496,0.086222,0.089918,0.124309,0.047321,0.084775,0.060224,0.136765,0.046738,0.052376,0.180085,0.033725,0.052539,0.213358,0.199611,0.072368,0.062433,0.056928,0.045226,0.056711,0.054545,230.182749,0.127466,1.588008,0.177489,2.244980,0.112875,0.131934,0.071572,0.091934,0.131579,0.109445,0.074949,0.054878,0.075410,0.043657,0.045533,0.023107,0.080258,0.061916,0.048759,0.112457,0.569314,0.044193,0.351474,0.077187,0.113514,0.339496,0.060993,0.043186,0.122386,0.318757,0.106498,0.085592,0.149832,0.105528,0.040816
0.040204,0.089645,0.108187,0.100932,0.162687,0.039152,0.038511,0.125298,0.093413,0.103261,0.068036,0.050473,0.444345,0.054128,0.251527,0.046651,0.049199,0.072513,0.037927,0.113309,0.282082,0.272727,0.101394,0.000000,0.107188,0.066547,0.028125,0.136830,0.051111,0.098459,0.092391,0.092391,0.109254,0.042934,0.047518,0.048098,0.097856,0.058605,0.069191,0.107259,0.414113,0.126812,0.100304,0.036750,0.090133,0.037247,0.118571,0.067480,0.083433,0.075995,0.048163,0.146413,0.103785,0.114650,0.087456,0.288732,0.393708,0.032609,0.140533,0.046584,0.130742,0.068208,0.442940,0.344595,0.067594,0.083596,0.056989,0.057034,0.089005,0.536977,0.080201,0.444444,0.285714,0.075130,0.046875,0.054054,0.079848,0.116580,0.063021,0.065327,0.076471,0.090978,0.037825,0.018428,0.025231,0.046826,0.133820,0.165447,0.051887,0.039889,0.044580,0.055233,0.045455,0.118571,0.058086,0.041848,0.054882,0.471253,0.045524,0.140199,0.078684,0.136752,0.169048
0.066166,0.161172,0.099485,0.069982,0.077329,0.056000,0.070796,0.099050,0.079019,0.076923,0.072271,0.035294,0.076999,0.038423,0.048808,0.097959,0.062096,0.172764,0.156522,0.065934,0.059310,0.103343,0.043605,0.107188,0.000000,0.063304,0.152134,0.061856,0.120096,0.040300,0.078144,0.052503,0.066470,0.044248,0.034377,0.066835,0.075103,0.114990,0.045113,0.054745,0.059140,0.088033,0.090293,0.075027,0.047219,0.043156,0.056761,0.047830,0.040650,0.079670,0.047153,0.051546,0.034819,0.254386,0.041707,0.127536,0.031646,0.050821,0.078261,0.079190,0.046557,0.039267,0.099678,0.083422,0.087065,0.082552,0.085645,0.043605,1.533937,0.084453,0.068867,0.119522,0.145359,0.044709,0.056704,0.032844,0.122093,0.259314,0.030675,0.060484,0.041349,0.024631,0.053938,0.024776,0.048713,0.084884,0.037986,0.077320,0.084337,0.075742,0.088036,0.195911,0.082290,0.056761,0.026874,0.028681,0.041718,0.049255,0.177419,0.042553,0.090301,0.089850,0.059540
0.049860,0.100578,0.053215,0.052204,0.059685,0.051247,0.043129,0.069129,0.055081,0.042179,0.053159,0.102652,0.077327,0.078746,0.069167,0.045541,0.048535,0.086313,0.091179,0.062016,0.052682,0.081883,0.071500,0.066547,0.063304,0.000000,0.075758,0.057534,0.028699,0.052670,0.093146,0.093146,0.075301,0.077844,0.027641,0.080935,0.033308,0.044857,0.134146,0.046450,0.076496,0.051625,0.039834,0.062300,0.070755,0.034961,0.084967,0.065608,0.028382,0.079274,0.069300,0.081021,0.080039,0.029910,0.046667,0.080502,0.035517,0.039424,0.050336,0.116009,0.077778,0.044321,0.066294,0.035885,0.076283,0.268779,0.078397,0.077458,0.030550,0.082143,0.113189,0.036541,0.076404,0.048485,0.048405,0.032520,0.082423,0.065657,0.034695,0.058896,0.034733,0.055303,0.020175,0.022556,0.031983,0.134012,0.033081,0.059933,0.028143,0.067901,0.039834,0.041943,0.034169,0.084967,0.083093,0.083516,0.023089,0.069631,0.034208,0.091797,0.070883,0.032609,0.035917
0.052551,0.104326,0.111628,0.089744,0.156250,0.046296,0.131429,0.073630,0.203098,0.094595,0.102857,0.076040,0.034884,0.088517,0.041209,0.051546,0.069355,0.088496,0.083799,0.082781,0.096154,0.075248,0.056075,0.028125,0.152134,0.075758,0.000000,0.157303,0.072080,0.052516,0.079580,0.105105,0.068702,0.049769,0.025952,0.046875,0.046398,0.054811,0.130859,0.044843,0.054830,0.031359,0.072306,0.038462,0.078750,0.033835,0.056054,0.079918,0.102564,0.083478,0.040165,0.128205,0.067257,0.071563,0.051253,0.117914,0.054088,0.039076,0.059242,0.112821,0.112756,0.137480,0.074359,0.038363,0.120482,0.223684,0.106509,0.056075,0.058824,0.119565,0.136029,0.137536,0.105263,0.048263,0.054978,0.029880,0.089720,0.057915,0.064242,0.125364,0.124021,0.036620,0.042365,0.033364,0.078075,0.062235,0.049030,0.123543,0.107744,0.078883,0.072306,0.207373,0.152709,0.056054,0.034100,0.033595,0.036561,0.048611,0.508642,0.086957,0.067416,0.156250,0.081911
0.139355,0.150794,0.079460,0.125997,0.065850,0.086849,0.086614,0.084044,0.052567,0.097453,0.154856,0.032120,0.077484,0.085741,0.093264,0.106227,0.057176,0.093750,0.129199,0.055659,0.105068,0.091644,0.110104,0.136830,0.061856,0.057534,0.157303,0.000000,0.039760,0.085143,0.058693,0.073090,0.148489,0.048138,0.034458,0.071836,0.073864,0.059546,0.065421,0.070640,0.071429,0.065351,0.127835,0.072763,0.043394,0.118698,0.115666,0.112119,0.054745,0.054187,0.062086,0.045045,0.068579,0.156250,0.043049,0.072386,0.089147,0.068232,0.072838,0.165869,0.059193,0.056604,0.058014,0.071639,0.061728,0.095624,0.087623,0.110104,0.073628,0.175207,0.087068,0.162116,0.106870,0.071523,0.053696,0.148268,0.056995,0.158940,0.095104,0.051724,0.087737,0.029186,0.059904,0.018557,0.083618,0.132415,0.051809,0.090090,0.125150,0.108388,0.070103,0.178838,0.139969,0.115666,0.028705,0.026549,0.031505,0.094044,0.070093,0.081115,0.065982,0.043796,0.087485
0.094414,0.075249,0.065789,0.090909,0.051510,0.105232,0.034818,0.106646,0.044926,0.062500,0.030769,0.089552,0.056051,0.094437,0.059110,0.051084,0.028571,0.042898,0.058540,0.048419,0.033541,0.064198,0.036145,0.051111,0.120096,0.028699,0.072080,0.039760,0.000000,0.049261,0.087936,0.032703,0.038898,0.078780,0.048232,0.033333,0.063440,0.052253,0.057283,0.021755,0.037655,0.042056,0.051975,0.030201,0.054967,0.063235,0.097751,0.037367,0.030116,0.054475,0.026770,0.083406,0.046275,0.084609,0.034005,0.111809,0.043854,0.024510,0.055654,0.058182,0.062343,0.060560,0.091946,0.062332,0.067779,0.034862,0.071429,0.103614,0.072131,0.097403,0.071770,0.088763,0.065603,0.036645,0.029183,0.031505,0.056225,0.184039,0.057980,0.050332,0.030488,0.050704,0.049275,0.022774,0.072948,0.031757,0.026643,0.096576,0.091258,0.205346,0.056826,0.039336,0.096774,0.097751,0.022831,0.053026,0.028807,0.059441,0.026906,0.066561,0.045887,0.045769,0.066358
0.054318,0.062975,0.044885,0.052288,0.082627,0.078000,0.064577,0.096223,0.084761,0.120603,0.059829,0.051429,0.260807,0.069648,0.241242,0.027027,0.026132,0.074971,0.059155,0.057831,0.144545,0.060987,0.285042,0.098459,0.040300,0.052670,0.052516,0.085143,0.049261,0.000000,0.101340,0.062814,0.042776,0.045259,0.064727,0.064212,0.033408,0.031875,0.050962,0.060150,0.175909,0.034483,0.105472,0.129969,0.033886,0.045210,0.193018,0.039229,0.194070,0.072529,0.051368,0.036573,0.027447,0.120869,0.092461,0.129078,0.290249,0.032648,0.096842,0.049020,0.124467,0.064091,0.084098,0.062595,0.057915,0.064978,0.065615,0.169332,0.170520,0.635045,0.111007,0.079818,0.051797,0.056405,0.031483,0.034595,0.075259,0.232314,0.133038,0.074627,0.045595,0.033898,0.058328,0.023196,0.134655,0.085020,0.039151,0.044932,0.191622,0.053994,0.093577,0.056133,0.046039,0.193018,0.079933,0.083040,0.111222,0.242788,0.051447,0.049074,0.060637,0.064549,0.180431
0.026993,0.026746,0.042254,0.089552,0.054598,0.053514,0.037267,0.085648,0.044135,0.084567,0.047205,0.123849,0.159649,0.078853,0.047619,0.034803,0.047778,0.056543,0.046512,0.073883,0.052817,0.112102,0.060123,0.092391,0.078144,0.093146,0.079580,0.058693,0.087936,0.101340,0.000000,274.442918,0.109453,0.046329,0.029944,0.220652,0.077343,0.048138,0.056818,0.125395,0.057383,0.035129,0.207305,0.050943,0.044444,0.045342,0.041322,0.030255,0.061272,0.051462,0.139089,0.042313,0.069822,0.053021,0.070812,0.045611,0.087442,0.060455,0.042735,0.116418,0.133851,0.059484,0.042453,0.049906,0.056711,0.080303,0.031381,0.060123,0.144304,0.054012,0.076456,0.117647,0.075931,0.141604,0.102091,0.062305,0.053988,0.066416,0.070588,0.062600,0.043021,0.033457,0.041699,0.102512,0.024691,0.089159,0.058777,0.197461,0.121281,0.043478,0.207305,0.126050,0.043732,0.041322,0.035691,0.040921,0.039841,0.048000,0.124088,0.036058,0.160000,0.072802,0.109700
0.050220,0.052006,0.042254,0.089552,0.083333,0.106230,0.037267,0.121528,0.084785,0.084567,0.047205,0.115660,0.159649,0.061828,0.047619,0.110209,0.047778,0.056543,0.046512,0.073883,0.062207,0.142675,0.060123,0.092391,0.052503,0.093146,0.105105,0.073090,0.032703,0.062814,274.442918,0.000000,0.109453,0.046329,0.040390,0.097826,0.077343,0.048138,0.111111,0.145416,0.057383,0.035129,0.207305,0.050943,0.044444,0.029814,0.067493,0.030255,0.034682,0.035088,0.139089,0.042313,0.063905,0.284834,0.070812,0.045611,0.027907,0.060455,0.121083,0.122388,0.112263,0.059484,0.073585,0.042373,0.056711,0.080303,0.055439,0.060123,0.092405,0.074074,0.076456,0.117647,0.075931,0.100251,0.234317,0.062305,0.036810,0.066416,0.126697,0.062600,0.045889,0.052788,0.054826,0.057131,0.024691,0.089159,0.058777,0.067701,0.121281,0.061594,0.207305,0.119048,0.122449,0.067493,0.024659,0.060529,0.039841,0.048000,0.124088,0.036058,0.160000,0.072802,0.120092
0.051688,0.129944,0.052817,0.056818,0.189531,0.120721,0.102564,0.052632,0.066759,0.073383,0.111614,0.116168,0.080160,0.069815,0.078522,0.054167,0.050132,0.102725,0.063704,0.079545,0.107042,0.099533,0.197623,0.109254,0.066470,0.075301,0.068702,0.148489,0.038898,0.042776,0.109453,0.109453,0.000000,0.092814,0.061824,0.095116,0.044932,0.031283,0.046154,0.059480,0.049728,0.109551,0.051665,0.090414,0.087420,0.044278,0.125000,0.049372,0.089903,0.091164,0.040577,0.137566,0.068279,0.133034,0.029528,0.029412,0.067524,0.041930,0.076786,0.147727,0.068898,0.121495,0.032680,0.068478,0.077519,0.102317,0.060197,0.044577,0.069444,0.320158,0.063050,0.051335,0.070144,0.057927,0.060647,0.037653,0.096582,0.059451,0.092420,0.062370,0.054204,0.060682,0.076323,0.044282,0.041938,0.044970,0.047449,0.141093,0.040984,0.066528,0.073479,0.648601,0.115809,0.125000,0.034310,0.092144,0.073065,0.079254,0.267035,0.065217,0.128645,0.127986,0.087017
0.041876,0.051665,0.033040,0.057604,0.048098,0.043448,0.047856,0.040490,0.100094,0.039336,0.067797,0.083404,0.033632,0.028919,0.031509,0.035849,0.048270,0.036720,0.042365,0.067949,0.103810,0.043744,0.065153,0.042934,0.044248,0.077844,0.049769,0.048138,0.078780,0.045259,0.046329,0.046329,0.092814,0.000000,0.104039,0.038462,0.065536,0.040801,0.030303,0.055798,0.039336,0.059886,0.037159,0.089825,0.071205,0.029314,0.074675,0.108666,0.042333,0.062678,0.071774,0.042999,0.050815,0.052527,0.047198,0.027941,0.049489,0.028055,0.047778,0.034562,0.028024,0.075298,0.042925,0.038095,0.061898,0.086247,0.198440,0.065153,0.038462,0.074468,0.067515,0.064087,0.033482,0.030120,0.031798,0.032389,0.065153,0.053213,0.072909,0.036541,0.063505,0.047959,0.042197,0.030008,0.048125,0.048945,0.097461,0.033076,0.049440,0.052995,0.037159,0.058114,0.082579,0.074675,0.017251,0.038658,0.048593,0.055092,0.050963,0.066019,0.032503,0.032397,0.106203
0.028805,0.068788,0.035833,0.038793,0.080101,0.083238,0.034749,0.092319,0.062916,0.082173,0.023166,0.032720,0.052147,0.113325,0.050067,0.061391,0.053957,0.070334,0.029839,0.036381,0.046945,0.041569,0.045211,0.047518,0.034377,0.027641,0.025952,0.034458,0.048232,0.064727,0.029944,0.040390,0.061824,0.104039,0.000000,0.034043,0.059786,0.061596,0.078003,0.120222,0.071391,0.065476,0.029940,0.058710,0.034395,0.078571,0.086349,0.040092,0.035424,0.028253,0.037335,0.035863,0.054682,0.111453,0.050364,0.027240,0.024281,0.060654,0.076342,0.058621,0.104976,0.032585,0.043871,0.072809,0.047105,0.069565,0.031120,0.040613,0.029687,0.037786,0.052511,0.038427,0.049663,0.034938,0.056238,0.025366,0.029119,0.077640,0.042633,0.026954,0.148438,0.026158,0.030252,0.042258,0.031672,0.127285,0.048599,0.048374,0.079912,0.028231,0.049235,0.058140,0.065476,0.086349,0.039389,0.028863,0.028037,0.032215,0.054468,0.082451,0.060905,0.031199,0.089971
0.067645,0.060278,0.057018,0.074534,0.080597,0.267537,0.070603,0.051313,0.144910,0.190217,0.055199,0.125131,0.043088,0.066972,0.070265,0.099282,0.083524,0.089376,0.074589,0.097122,0.096852,0.071146,0.079848,0.048098,0.066835,0.080935,0.046875,0.071836,0.033333,0.064212,0.220652,0.097826,0.095116,0.038462,0.034043,0.000000,0.070829,0.041860,0.070496,0.073673,0.123307,0.057971,0.096251,0.082205,0.028463,0.043561,0.170000,0.036585,0.063170,0.063932,0.066939,0.057101,0.058608,0.146497,0.092756,0.060739,0.085796,0.045652,0.066568,0.082298,0.111307,0.052023,0.062863,0.052124,0.035785,0.059937,0.078495,0.079848,0.160995,0.255627,0.056391,0.056385,0.224702,0.038860,0.036875,0.085851,0.067174,0.126943,0.041705,0.041876,0.135294,0.028810,0.088258,0.018428,0.072330,0.046826,0.100568,0.087848,0.102594,0.125232,0.119554,0.119186,0.072727,0.170000,0.038284,0.046207,0.054882,0.046201,0.072838,0.148883,0.055794,0.089744,0.147619
0.051546,0.047215,0.106605,0.113001,0.035336,0.053381,0.068894,0.057030,0.068047,0.040946,0.088727,0.088496,0.034803,0.035461,0.091301,0.042365,0.040836,0.045337,0.039175,0.133333,0.062687,0.079957,0.134298,0.097856,0.075103,0.033308,0.046398,0.073864,0.063440,0.033408,0.077343,0.077343,0.044932,0.065536,0.059786,0.070829,0.000000,0.059011,0.031746,0.126134,0.087863,0.113208,0.060034,0.039571,0.038929,0.039138,0.083049,0.037615,0.029470,0.029762,0.034188,0.074246,0.079158,0.081950,0.061785,0.045627,0.048860,0.059654,0.114620,0.138518,0.034325,0.067050,0.071723,0.047737,0.043988,0.060271,0.027051,0.098140,0.090138,0.056180,0.030706,0.038363,0.052879,0.071504,0.073637,0.037578,0.030992,0.182965,0.046105,0.046392,0.065054,0.051402,0.043508,0.077451,0.053363,0.057895,0.220963,0.121810,0.072055,0.155131,0.054031,0.083045,0.057211,0.083049,0.026564,0.022624,0.045550,0.041631,0.035800,0.196954,0.048975,0.034052,0.056919
0.048055,0.071256,0.052023,0.071515,0.056404,0.067520,0.109375,0.106968,0.037402,0.099909,0.076042,0.033569,0.047876,0.033832,0.042132,0.029499,0.052133,0.038760,0.053498,0.058345,0.072493,0.085106,0.030928,0.058605,0.114990,0.044857,0.054811,0.059546,0.052253,0.031875,0.048138,0.048138,0.031283,0.040801,0.061596,0.041860,0.059011,0.000000,0.071806,0.062500,0.040404,0.042616,0.102740,0.057613,0.051822,0.048159,0.054484,0.051736,0.044118,0.044554,0.037696,0.040509,0.048000,0.031056,0.034273,0.044799,0.024390,0.027546,0.079347,0.058182,0.044935,0.102294,0.037037,0.043550,0.026316,0.066258,0.058506,0.030928,0.045503,0.136986,0.043922,0.048469,0.052755,0.046170,0.047726,0.045170,0.046392,0.031480,0.046825,0.061697,0.085762,0.035333,0.036552,0.067099,0.045985,0.033275,0.049505,0.052083,0.036929,0.023828,0.053938,0.080552,0.063020,0.054484,0.037736,0.039910,0.049686,0.051948,0.125000,0.045593,0.060227,0.107588,0.042116
0.078527,0.165703,0.077338,0.174419,0.090406,0.073770,0.127496,0.104225,0.104668,0.094697,0.059908,0.076549,0.053753,0.049896,0.070258,0.120056,0.151475,0.113978,0.079940,0.070093,0.097421,0.071315,0.102874,0.069191,0.045113,0.134146,0.130859,0.065421,0.057283,0.050962,0.056818,0.111111,0.046154,0.030303,0.078003,0.070496,0.031746,0.071806,0.000000,0.081761,0.050196,0.117143,0.061700,0.049669,0.167387,0.029533,0.118881,0.062613,0.042194,0.042796,0.039198,0.118919,0.094067,0.057839,0.042829,0.071429,0.153094,0.042332,0.065693,0.155039,0.042829,0.074627,0.049669,0.055066,0.061333,0.094862,0.073566,0.099849,0.070755,0.143725,0.088060,0.132632,0.045956,0.211180,0.030571,0.061947,0.045386,0.046584,0.031546,0.102345,0.089686,0.044500,0.099036,0.027226,0.073516,0.051621,0.099548,0.172973,0.083333,0.073684,0.061700,0.053571,0.124060,0.118881,0.038933,0.029441,0.058640,0.062648,0.084746,0.110619,0.068301,0.102787,0.140449
0.046366,0.270710,0.088359,0.093611,0.042918,0.156175,0.053218,0.069204,0.049769,0.047418,0.047030,0.461224,0.047244,0.047364,0.059347,0.049711,0.066445,0.048232,0.052439,0.066667,0.091228,0.098985,0.041565,0.107259,0.054745,0.046450,0.044843,0.070640,0.021755,0.060150,0.125395,0.145416,0.059480,0.055798,0.120222,0.073673,0.126134,0.062500,0.081761,0.000000,0.038408,0.093349,0.047244,0.335842,0.048938,0.079355,0.041152,0.023828,0.055300,0.086247,0.055024,0.130618,0.148585,0.151106,0.046512,0.068670,0.035250,0.021292,0.053901,0.068351,0.181740,0.078300,0.042333,0.042254,0.056391,0.187029,0.096976,0.041565,0.056747,0.119816,0.051995,0.087025,0.048502,0.037453,0.039288,0.069930,0.090465,0.078652,0.043321,0.078275,0.097235,0.065282,0.058552,0.038851,0.031199,0.064646,0.035658,0.063202,0.075257,0.094851,0.057087,0.080893,0.100145,0.041152,0.064767,0.036565,0.025568,0.059821,0.065407,0.081437,0.052198,0.041040,0.060990
0.030829,0.045848,0.109807,0.046834,0.038168,0.031124,0.060559,0.028211,0.040179,0.073478,0.033385,0.054795,2.010474,0.228893,0.752515,0.043866,0.031092,0.059891,0.036923,0.096714,0.753558,0.035489,0.087827,0.414113,0.059140,0.076496,0.054830,0.071429,0.037655,0.175909,0.057383,0.057383,0.049728,0.039336,0.071391,0.123307,0.087863,0.040404,0.050196,0.038408,0.000000,0.049364,0.028743,0.037589,0.108765,0.149546,0.235732,0.048304,0.031899,0.047085,0.036332,0.062919,0.026355,0.061824,0.035954,0.140426,1.841463,0.161461,0.080169,0.111015,0.082876,0.072052,0.223590,0.193528,0.040514,0.046369,0.059069,0.087827,0.035350,0.304156,0.102525,0.040468,0.109229,0.062451,0.055951,0.035654,0.048536,0.062451,0.059824,0.034358,0.044474,0.024617,0.025309,0.075906,0.072438,0.046939,0.069460,0.037752,0.057480,0.050410,0.061497,0.070175,0.053892,0.235732,0.035573,0.027174,0.101339,0.756575,0.051370,0.055513,0.037252,0.037159,0.174944
0.039307,0.082616,0.087379,0.134948,0.086093,0.041379,0.074334,0.062176,0.172952,0.035129,0.042076,0.065537,0.046756,0.051758,0.032751,0.088312,0.092822,0.047438,0.073103,0.061224,0.064474,0.062049,0.047026,0.126812,0.088033,0.051625,0.031359,0.065351,0.042056,0.034483,0.035129,0.035129,0.109551,0.059886,0.065476,0.057971,0.113208,0.042616,0.117143,0.093349,0.049364,0.000000,0.062975,0.092975,0.045547,0.059289,0.078864,0.084192,0.097025,0.082569,0.025884,0.048622,0.057105,0.097357,0.065666,0.070093,0.038657,0.034247,0.062295,0.091696,0.125704,0.056320,0.049587,0.030928,0.041190,0.052817,0.034722,0.047026,0.189112,0.088129,0.121585,0.055866,0.079208,0.035411,0.029335,0.049497,0.087137,0.113314,0.044423,0.073446,0.081761,0.081405,0.024938,0.031566,0.075690,0.094972,0.092545,0.141005,0.061381,0.053360,0.057546,0.186495,0.089226,0.078864,0.041408,0.027752,0.027027,0.033040,0.101180,0.040541,0.083728,0.083333,0.038760
0.059639,0.040541,0.055341,0.061058,0.091743,0.081122,0.094037,0.056928,0.040948,0.399803,0.081422,0.043103,0.031483,0.025359,0.044651,0.207750,0.039297,0.103499,0.033937,0.066256,0.041349,0.219484,0.147392,0.100304,0.090293,0.039834,0.072306,0.127835,0.051975,0.105472,0.207305,0.207305,0.051665,0.037159,0.029940,0.096251,0.060034,0.102740,0.061700,0.047244,0.028743,0.062975,0.000000,0.162378,0.039233,0.032200,0.081967,0.076342,0.174893,0.176790,0.091047,0.086340,0.047149,0.051253,0.101224,0.039870,0.042032,0.032587,0.101430,0.094980,0.057959,0.055324,0.149068,0.055802,0.194631,0.041265,0.029326,0.146259,0.114352,0.145455,0.059484,0.178161,0.049673,0.097110,0.050207,0.082902,0.184807,0.067052,0.088737,0.043478,0.056604,0.046034,0.073421,0.017751,0.023401,0.163188,0.092760,0.095361,0.114772,0.059778,192.306481,0.230474,0.039841,0.081967,0.067164,0.024194,0.065789,0.044986,0.070479,0.229143,0.131313,0.066667,0.051447
